%YAML:1.0
---
Origin_location: "self"

front_camera:
  serial_no: "216322074755"
  color_camera:
    name: "D435_COLOR_CAM"
    image_width: 640
    image_height: 480
    fx: 605.455
    fy: 604.953
    cx: 328.852
    cy: 252.618
    distortion_model: "plumb_bob"
    D: [0.0, 0.0, 0.0, 0.0, 0.0]
    # ENU坐标系 front x left y up z
    T_body_cam: [1, 0, 0, 0.0,
                 0, 1, 0, 0.0,
                 0, 0, 1, 0.0,
                 0, 0, 0, 1]

  ir_camera:
    name: "D435_IR_CAM"
    IR_1:
      image_width: 640
      image_height: 480
      fx: 386.466
      fy: 386.466
      cx: 323.427
      cy: 234.104
      distortion_model: "plumb_bob"
      D: [0.0, 0.0, 0.0, 0.0, 0.0]
      # camera图像坐标系, right x, down y, front z
      T_camColor_camIR1:  [ 1, 0.00, -0.00, -0.0149,
                            -0.00, 1, 0.00, -0.000,
                            0.00, 0.00, 1, -0.000,
                            0.000, 0.000, 0.000, 1.000 ]
    IR_2:
      image_width: 640
      image_height: 480
      fx: 386.466
      fy: 386.466
      cx: 323.427
      cy: 234.104
      distortion_model: "plumb_bob"
      D: [ 0.0, 0.0, 0.0, 0.0, 0.0 ]
      # camera图像坐标系, right x, down y, front z
      T_camIR1_camIR2:  [1, 0, 0, 0.0499,
                        0, 1, 0, 0,
                        0, 0, 1, 0,
                        0, 0, 0, 1]